git test1

a <- 567
