git test1

a <- 567

b <- 12
