git test1

a <- 1234
