git test1

a <- 567

b <- 12

c<- 12

ddd
